32.8302952701
33.5480074544
37.0242046492
39.1304348841
41.5808427036
44.8323483697
62.6998011139
66.376272434
71.3913556657
74.7450036041
75.2586694747
72.4006186452
68.1032253702
68.1879435419
63.2167456388
66.6094723549
71.0134290197
75.1209704159
83.4415601825
85.0603496628
84.9058646004
87.5589301605
86.5387570579
88.2351186146
90.027496098
90.2431051035
90.1252746027
93.2884640765
90.6738990689
92.1291532894
87.8144400558
89.0840846288
88.9046233114
89.0409003804
88.69190488
90.9956326599
91.1840956266
92.3164293315
97.342255798
96.8103765993
96.1435228619
99.7839785775
98.6778061319
102.017632748
105.239992171
107.867498414
107.273574882
110.265693574
108.868477369
105.535561871
105.014363491
104.533501107
105.043202792
103.456578821
103.674817681
105.666608217
105.482911971
105.974651786
93.4625257027
93.1048720223
91.2378328704
93.6337685056
92.9639160188
93.2810725775
91.7970758151
89.1838655391
87.0933803743
82.7208136807
79.7368094603
75.8490750152
78.4639294229
76.9318083781
79.3938933717
90.2940299547
88.3583642254
82.61110245
78.2440305142
80.7763463551
69.5795800968
77.7724834009
79.0265424989
72.1167121027
67.3282042778
69.1787258995
69.4683360511
69.2817877138
66.1491453576
70.5456763341
70.1907898576
78.3481720324
85.4858108589
84.5139915189
89.1137368011
89.0448534125
89.9901459811
99.0083201825
102.327271108
107.046799931
103.339204677
108.510483209
108.505504797
108.101908914
107.127523267
101.774319011
103.731707239
111.226039337
110.494225796
111.341849426
118.979511737
120.293686418
127.869170644
131.009788513
130.722354889
133.850403791
132.776258018
124.766141406
109.561413603
100.163021682
65.0201500228
56.964975927
54.3420012287
42.6222007824
39.5820445685
37.7814873765
33.7410591437
27.6297182505
32.5960651917